48.869761;2.36633
48.868734;2.368176
48.867596;2.370422
48.868479;2.369944
48.868552;2.370394
48.871956;2.366006
48.866805;2.368706
48.866293;2.369873
48.871617;2.364299
48.871409;2.364826
48.871151;2.366092
48.869373;2.366932
48.86879;2.367165
48.867317;2.369203
48.859485;2.370571
48.869507;2.369199
48.868328;2.367717
48.868544;2.36668
48.868602;2.367443
48.871221;2.364324
48.87021;2.364248
48.866544;2.369513
48.864969;2.370676
48.866537;2.371059
48.868601;2.368646
48.866899;2.368317
48.867846;2.370081
48.865643;2.369312
