48.865128;2.362076
48.865313;2.361285
48.864362;2.360714
48.86441;2.361056
48.86561;2.36083
48.864582;2.360613
48.864144;2.361707
48.867937;2.364181
48.867136;2.364348
48.867317;2.369203
48.865812;2.358052
48.869119;2.367175
48.864574;2.362179
48.868333;2.366178
48.868247;2.365545
48.864993;2.360782
48.868512;2.365081
48.864349;2.361623
48.868919;2.363639
48.86802;2.365309
48.865261;2.359218
48.865293;2.361892
48.864816;2.361063
48.869373;2.366932
48.867764;2.364764
48.86495;2.360311
48.865226;2.360943
48.864475;2.361831
48.867019;2.361687
48.86497;2.361569
48.865207;2.361816
