48.870212;2.347822
48.870247;2.34831
48.872409;2.353695
48.870363;2.348774
48.869512;2.348452
48.87055;2.354711
48.871088;2.346421
48.870937;2.353698
48.870765;2.354874
48.871127;2.353463
48.869914;2.348584
48.872586;2.352692
48.870382;2.351779
48.871254;2.355502
48.870289;2.353015
48.869428;2.350661
48.871468;2.350551
48.87002;2.357285
48.870593;2.35517
48.870049;2.347959
48.869972;2.352322
48.87081;2.354443
48.871117;2.352751
48.870719;2.34889
48.870576;2.347767
48.870298;2.349002
48.871012;2.353182
48.871633;2.353728
48.87103;2.352051
48.871182;2.352331
48.869932;2.352878
